68,69d67
< 1,2
< 1,2
73d70
< 1,2,4,3
105d101
< 1,6,5,8,9,10,4,11,3,2,7
116d111
< 1,28,17,10,3,19,15,6,32,27,24,9,30,14,16,11,8,33,13,4,25,26,7,22,2,20,5,12,23,31,29,21,18
187d181
< 3,1,2
205d198
< 3,2,4,1,5
222d214
< 3,8,2,9,5,6,7,10,1,4
227d218
< 3,10,21,33,12,45,50,16,11,31,58,1,41,53,18,20,59,43,4,7,25,56,6,22,15,38,54,30,48,27,28,49,8,9,24,47,40,37,57,51,55,29,34,44,5,17,36,2,13,52,23,26,14,19,39,46,32,35,42
250d240
< 4,2,7,3,5,11,1,9,6,10,8
257d246
< 4,3,1,6,2,5
265d253
< 4,5,6,2,3,1
277d264
< 4,10,6,12,5,9,7,11,2,13,8,1,3
300d286
< 5,4,1,2,6,3
316d301
< 5,12,11,2,6,3,10,1,7,8,9,4
368d352
< 8,2,13,6,10,11,3,4,7,12,1,9,5
382a367
> 9,2,6,5,8,4,7,3,1
397a383
> 10,9,5,6,8,2,11,1,3,7,4
406a393
> 11,5,10,1,12,7,2,6,14,8,3,13,4,9
435d421
< 13,15,14,3,7,9,6,8,1,11,2,12,4,5,10
441a428
> 14,11,8,15,9,12,2,3,10,13,4,7,1,5,6
454d440
< 15,33,27,36,23,35,16,8,9,30,40,29,21,4,22,39,18,6,31,13,24,25,1,28,3,34,20,11,17,38,37,14,12,26,10,7,19,32,41,5,2
459a446
> 16,8,2,7,13,4,10,11,9,12,6,14,1,3,15,5
464a452
> 17,1,7,12,9,18,15,16,3,14,20,19,6,5,8,10,2,13,11,4
473a462,463
> 18,21,17,13,16,1,4,2,25,6,27,30,8,31,28,12,29,9,3,7,5,24,19,10,22,23,14,11,20,26,15
> 19,18,13,21,9,6,12,7,1,24,25,11,8,3,4,5,23,16,10,17,20,15,22,14,2
475a466
> 20,13,19,14,16,8,6,3,9,7,11,5,18,10,22,21,1,15,2,17,12,4
478a470
> 21,8,25,5,18,13,9,12,20,31,19,32,4,14,3,27,26,11,24,16,22,2,28,30,10,1,7,15,17,6,29,23
488a481
> 24,2,19,5,8,23,9,20,17,15,10,12,7,11,14,21,22,1,18,16,4,25,3,13,6
490a484,485
> 25,27,11,9,3,21,2,10,6,18,20,4,5,30,7,29,13,23,8,32,12,28,26,22,16,1,24,19,31,17,14,15
> 26,19,23,31,16,13,17,25,33,27,8,12,3,21,36,7,35,29,15,10,1,6,34,20,11,24,4,28,32,22,2,5,30,9,14,18
493a489
> 28,16,41,9,21,8,35,25,34,33,14,19,1,18,32,36,13,4,29,40,24,27,6,37,20,7,30,38,5,2,23,12,10,15,3,17,11,22,39,26,31
495a492
> 32,26,17,30,13,21,3,11,4,6,16,15,19,24,7,2,28,23,8,31,12,1,22,29,10,25,5,20,9,18,14,27
498a496,497
> 34,26,31,3,41,13,42,40,30,8,9,1,7,28,10,15,37,11,5,39,25,38,21,33,4,36,18,17,29,24,2,27,32,22,19,6,14,35,12,20,16,23,43
> 40,23,29,22,33,19,36,20,38,35,4,3,30,42,32,26,6,27,17,2,39,37,28,11,10,12,24,41,25,9,18,31,8,1,7,5,21,15,16,34,14,13
499a499
> 52,9,12,42,18,23,4,20,47,45,5,41,27,7,22,17,40,43,37,29,46,31,32,34,1,36,15,8,19,14,25,21,48,33,6,16,28,51,24,11,49,44,26,35,50,2,10,39,38,3,13,30
