1
1
1
1
1
1
1
1
1
1
1
1
1
1
1
1
1
1
1
1
1
1
1
1
1
1
1
1
1
1
1
1
1
1
1
1
1
1
1
1
1
1
1
1
1,2,3
1,2,3
1,2,3
1,2,3
1,2,3
1,2,3
1,2
1,2
1,2
1,2
1,2
1,2
1,2
1,2
1,2
1,2
1,2
1,2
1,2
1,2
1,2
1,2
1,2
1,2
1,2
1,2,3,4,5
1,2,3,4
1,2,3,7,4,6,5
1,2,4,3
1,2,4,6,5,3,7
1,2,5,3,4
1,2,5,4,3
1,2,5,9,7,6,3,4,8
1,2,6,3,4,7,5
1,2,6,3,5,4
1,3,2
1,3,2
1,3,2
1,3,2
1,3,2
1,3,2,4
1,3,2,4
1,3,2,4
1,3,2,4,6,5
1,3,2,4,6,5
1,3,4,2
1,3,4,2
1,3,29,22,12,16,15,26,17,8,25,28,2,18,7,24,20,6,21,10,13,9,4,5,11,27,14,30,19,23
1,4,2,3,5
1,4,2,5,3
1,4,3,2
1,4,3,5,2
1,4,5,2,3
1,4,5,6,2,3
1,5,2,21,3,17,9,14,12,8,7,20,15,22,19,18,16,10,6,11,23,13,24,4
1,5,3,2,4,6
1,5,3,4,2
1,5,3,6,11,2,10,8,4,9,7
1,5,6,4,2,3
1,6,4,2,5,3
1,6,5,8,9,10,4,11,3,2,7
1,7,5,3,11,12,13,15,9,10,2,6,14,4,8,16
1,7,11,4,2,9,3,10,5,6,8
1,8,2,7,6,3,5,9,4
1,9,10,6,8,3,4,7,5,2
1,9,12,6,8,2,11,7,4,10,5,3
1,9,41,12,7,37,6,31,10,27,16,33,39,34,17,21,11,4,3,40,32,20,36,26,2,18,13,35,22,23,30,28,19,38,15,14,29,5,24,25,8
1,11,4,5,10,2,3,8,6,12,9,7
1,13,8,6,11,5,9,7,2,12,4,14,10,3
1,13,12,9,3,5,7,8,4,10,6,14,11,2
1,18,15,17,28,7,29,8,35,4,23,10,14,22,33,27,20,38,36,13,24,40,9,34,21,5,41,3,31,16,25,43,37,6,30,12,39,19,2,26,32,42,11
1,28,17,10,3,19,15,6,32,27,24,9,30,14,16,11,8,33,13,4,25,26,7,22,2,20,5,12,23,31,29,21,18
2,1,3
2,1,3
2,1,3
2,1,3
2,1
2,1
2,1
2,1
2,1
2,1
2,1
2,1
2,1
2,1
2,1
2,1
2,1
2,1
2,1
2,1
2,1
2,1,3,4,5
2,1,3,4,6,7,5
2,1,3,5,4
2,1,4,3
2,1,7,6,3,5,4
2,1,7,6,5,4,3
2,1,9,10,7,11,3,6,12,4,8,5
2,3,1
2,3,1
2,3,1
2,3,1
2,3,1
2,3,1
2,3,1
2,3,1
2,3,1,4,5
2,3,1,4
2,3,1,4
2,3,5,4,1
2,3,6,4,5,1
2,3,6,5,4,7,1,8
2,4,1,3,5
2,4,3,1
2,4,3,1
2,4,3,6,1,7,5
2,4,5,3,1
2,4,6,3,1,5
2,5,1,3,7,6,8,4
2,5,1,3,8,4,6,7
2,5,4,3,6,1,7
2,6,3,1,4,5
2,6,3,1,4,5
2,6,3,7,5,1,4,8
2,6,7,4,1,5,8,9,3
2,7,1,3,8,10,9,4,6,5
2,7,3,1,6,4,9,8,5
2,7,3,4,6,5,1
2,7,8,9,4,1,5,6,3
2,7,14,17,11,3,9,1,13,16,15,6,5,8,4,12,10
2,9,1,5,10,8,3,6,7,4
2,9,7,13,11,3,12,1,5,14,6,10,4,8
2,9,17,12,14,1,10,13,5,15,16,6,4,7,8,11,3
2,11,5,10,6,3,9,12,1,4,13,8,7
2,12,7,1,8,6,5,4,10,11,3,9
2,12,8,4,11,3,13,1,7,6,10,9,5
2,12,11,13,6,17,4,10,14,18,5,22,9,19,1,15,20,8,3,7,21,16
3,1,2
3,1,2
3,1,2
3,1,2
3,1,2,4,5
3,1,2,4
3,1,2,4
3,1,2,5,4
3,1,4,2
3,1,4,2
3,1,5,6,4,2
3,2,1
3,2,1
3,2,1
3,2,1,4
3,2,1,4
3,2,1,4
3,2,1,4
3,2,1,5,4
3,2,1,5,4
3,2,4,1,5
3,2,4,1,5
3,2,4,1
3,2,4,1
3,2,4,1
3,2,4,7,1,6,5,8
3,2,7,8,1,4,5,6
3,4,1,2
3,4,1,10,15,8,13,12,7,5,14,6,11,16,2,9
3,4,2,5,1
3,4,5,2,1
3,5,4,7,1,2,6
3,5,8,12,6,10,1,4,11,9,7,13,2
3,5,13,2,15,8,6,7,4,1,12,9,10,14,11
3,6,1,5,7,2,4
3,7,4,5,1,8,6,2
3,7,8,10,4,9,2,5,1,6
3,8,1,2,9,5,7,4,11,6,10
3,8,2,9,5,6,7,10,1,4
3,8,4,2,1,7,5,6
3,8,4,6,2,11,12,19,10,1,15,18,5,17,9,16,7,13,14
3,8,15,14,12,4,13,10,7,16,2,17,1,9,6,11,5
3,9,2,17,10,12,18,5,7,1,8,13,15,4,16,14,11,6
3,10,21,33,12,45,50,16,11,31,58,1,41,53,18,20,59,43,4,7,25,56,6,22,15,38,54,30,48,27,28,49,8,9,24,47,40,37,57,51,55,29,34,44,5,17,36,2,13,52,23,26,14,19,39,46,32,35,42
3,11,6,10,12,13,15,17,19,7,16,9,1,5,2,4,18,14,20,8
3,11,15,8,14,2,5,1,7,12,4,10,6,13,17,16,9
3,12,1,10,9,7,8,5,6,11,2,4,13
3,12,8,5,2,7,6,9,13,10,14,4,1,11
3,15,14,10,17,11,7,6,16,5,18,12,8,19,9,4,13,2,1
3,18,8,1,21,2,17,4,14,7,25,15,6,13,9,16,11,5,10,24,20,19,23,22,12
3,18,39,35,8,27,29,4,30,31,7,25,33,5,37,23,17,22,2,36,38,41,12,6,10,20,26,21,15,9,19,44,45,42,11,40,43,13,32,1,24,34,14,16,28
3,20,11,17,21,1,19,12,23,10,24,14,22,8,9,2,15,7,16,6,13,4,5,18
4,1,2,3
4,1,3,2,5
4,1,3,2
4,1,3,2
4,1,3,6,2,5
4,1,5,2,3
4,1,7,6,9,3,2,8,5
4,1,15,2,8,5,12,9,10,6,7,14,11,13,3
4,2,1,3
4,2,1,3
4,2,1,3
4,2,3,1
4,2,3,5,1
4,2,6,1,3,12,7,8,9,10,11,5
4,2,7,3,5,11,1,9,6,10,8
4,2,7,8,1,3,9,5,6
4,2,17,11,8,16,3,10,20,14,18,19,6,13,12,1,9,15,5,7
4,3,1,2,5
4,3,1,2
4,3,1,2
4,3,1,2
4,3,1,6,2,5
4,3,2,1
4,3,2,1
4,3,2,1
4,3,2,6,7,1,5
4,3,5,1,2
4,3,5,2,1,6
4,3,7,2,6,8,5,1
4,5,6,2,3,1
4,5,6,3,8,7,1,2
4,6,1,3,5,2
4,6,1,8,7,2,9,5,3
4,6,3,1,7,2,5
4,7,1,2,9,6,14,11,3,12,5,8,10,13
4,7,2,6,13,1,8,14,10,12,3,9,5,11
4,7,5,2,1,6,3
4,7,5,2,8,1,3,6
4,7,8,5,9,2,6,1,3
4,7,12,17,13,10,3,14,8,1,5,2,6,9,15,11,16
4,8,3,5,6,9,2,1,7
4,10,6,12,5,9,7,11,2,13,8,1,3
4,10,12,9,1,7,5,6,13,2,8,11,3,14
4,11,2,18,17,14,10,12,13,1,7,3,9,5,6,16,8,15
4,12,5,11,1,6,2,8,9,3,7,10
4,12,9,13,1,18,6,17,15,10,2,5,3,11,7,8,14,16
4,13,15,3,7,5,2,12,11,14,16,17,1,6,9,10,8
4,14,8,13,9,2,1,11,17,5,7,10,16,3,6,15,12
4,35,18,19,14,23,15,29,5,11,33,13,7,20,3,25,30,1,24,12,32,28,2,36,38,10,16,37,31,26,9,22,6,21,27,17,34,8
5,1,2,4,3
5,1,2,4,3
5,1,3,2,4
5,2,1,10,6,3,8,7,9,4
5,2,3,1,4
5,2,4,1,3
5,2,4,1,9,7,3,8,6
5,2,4,3,1,6
5,2,10,7,8,3,1,9,4,6
5,3,1,4,2
5,3,1,7,4,2,6
5,3,2,4,1
5,3,2,4,6,1
5,3,4,7,1,10,9,6,2,8
5,3,4,8,6,1,7,2
5,4,1,2,6,3
5,4,3,1,2
5,4,3,2,1
5,4,3,21,16,15,2,1,18,20,8,23,19,14,9,17,11,10,12,24,22,13,6,7
5,4,6,2,7,9,8,10,3,1
5,4,7,2,1,3,6
5,4,8,3,7,6,1,2,9
5,6,2,1,3,4
5,6,4,2,8,7,9,3,10,1
5,6,4,3,1,2
5,7,6,4,9,12,2,3,10,11,14,1,8,13
5,7,8,11,2,9,15,4,10,3,16,13,14,17,6,12,1
5,9,4,15,3,13,17,18,11,16,6,2,7,14,10,19,1,12,8
5,9,10,2,7,14,1,30,3,24,20,34,23,31,18,16,22,8,11,17,27,25,13,19,33,21,12,4,15,32,6,28,29,26
5,10,6,11,27,19,26,17,28,15,24,7,16,25,23,13,22,3,9,18,20,21,8,4,12,2,1,14
5,11,4,14,16,18,13,17,1,7,10,2,9,15,6,19,12,3,8
5,12,11,2,6,3,10,1,7,8,9,4
5,15,3,12,1,8,10,2,13,16,11,6,14,4,17,7,9
5,15,12,3,17,10,16,14,2,4,13,18,6,8,1,11,9,7
5,15,14,13,1,2,20,7,4,12,18,17,16,9,8,11,10,21,6,3,19
5,16,12,13,20,3,8,18,14,1,4,15,17,19,6,9,11,22,10,21,2,7
5,22,18,11,46,7,8,17,32,26,34,29,3,10,36,21,27,25,33,24,45,41,44,37,23,2,16,12,13,20,39,15,31,1,28,42,43,38,35,19,6,14,4,40,9,30
5,24,17,18,6,11,16,14,4,12,3,10,2,21,13,19,8,15,22,1,20,9,7,23
6,1,4,3,5,2
6,1,4,5,2,8,9,3,7
6,1,5,3,8,4,7,2
6,1,5,4,2,3
6,1,8,3,7,9,4,5,2
6,1,10,3,2,8,9,5,12,11,4,7
6,3,4,2,1,5
6,3,4,2,5,1
6,3,4,2,7,1,5,8
6,3,5,2,4,1
6,3,8,5,4,9,2,11,7,10,1
6,3,9,5,1,8,7,4,2
6,3,13,5,9,8,15,2,12,14,7,10,4,1,11
6,4,1,5,7,8,2,3
6,5,1,3,4,2,8,7
6,5,1,4,7,2,3
6,5,4,3,1,2
6,5,7,1,2,4,3
6,9,4,5,1,11,10,2,8,7,3
6,12,3,8,4,5,1,7,2,11,10,13,9
6,13,1,2,4,9,5,14,10,12,11,7,3,8
6,14,2,17,8,16,1,5,13,3,4,9,15,11,12,10,7
6,33,5,14,31,22,2,19,23,36,4,24,21,15,13,34,30,27,8,3,7,1,20,28,32,18,11,26,29,35,12,16,17,25,10,9
7,1,5,8,2,3,6,4
7,2,3,6,4,1,5
7,2,5,4,6,1,3,8
7,2,17,15,11,13,9,19,4,3,18,12,1,16,20,14,5,10,6,8
7,3,1,9,10,5,4,8,2,6
7,3,10,2,5,6,9,1,8,4
7,4,3,6,5,2,1
7,4,5,2,3,1,8,6
7,5,3,1,9,8,4,2,6
7,5,3,6,10,4,8,1,12,2,13,11,9
7,5,3,9,4,1,6,2,8
7,5,6,8,1,2,3,4
7,5,6,8,9,4,2,3,1
7,5,10,11,6,3,2,8,9,4,1
7,8,1,3,2,4,6,5
7,8,6,2,3,5,1,4
7,9,10,1,5,6,3,8,12,11,4,2
7,10,8,1,3,2,6,5,4,9,11
7,11,16,6,8,15,1,3,9,10,2,14,4,17,5,13,12
7,13,11,1,12,21,5,22,17,8,9,14,10,23,19,16,2,3,18,15,6,20,4
8,1,3,4,7,6,2,5,9
8,2,11,9,5,6,4,1,7,10,3
8,2,13,6,10,11,3,4,7,12,1,9,5
8,3,1,5,7,6,4,9,2
8,3,4,7,9,10,1,2,6,5
8,3,9,18,11,19,5,12,10,13,16,1,4,17,15,6,7,14,2
8,4,2,5,1,3,7,6
8,4,9,3,7,6,5,2,1
8,6,1,7,2,3,5,4
8,6,3,11,10,4,12,1,9,2,13,14,5,7
8,7,13,17,12,1,5,9,10,15,11,14,2,6,16,4,3
8,9,10,1,12,11,15,7,6,13,2,16,3,4,14,5
8,9,10,11,2,7,3,4,1,6,5
8,10,3,13,7,6,1,2,11,12,9,5,4
9,1,2,8,10,6,5,3,7,4
9,1,7,14,2,4,5,13,12,11,15,16,3,10,6,8
9,2,6,5,8,4,7,3,1
9,2,14,8,19,11,6,3,16,12,4,15,5,18,10,7,1,17,13
9,3,1,11,2,12,4,7,5,6,8,10,13
9,5,2,4,3,7,8,1,6
9,7,3,8,6,2,5,4,1
9,7,11,3,10,6,4,1,5,8,2
9,8,7,16,3,2,11,15,5,10,6,13,17,1,4,12,14
9,8,13,1,17,7,3,10,11,16,6,12,15,4,14,2,5
9,24,11,23,2,10,20,19,18,13,16,3,1,14,17,21,8,15,22,6,7,12,5,4
10,1,7,5,3,4,9,2,8,6
10,1,7,6,5,9,3,2,8,4
10,3,4,7,9,11,2,1,8,6,5
10,4,12,1,8,14,3,11,13,2,6,7,5,9
10,6,5,13,11,3,4,8,9,1,14,7,12,2
10,8,4,5,9,7,6,3,2,1
10,9,5,6,8,2,11,1,3,7,4
10,13,7,8,1,4,19,16,17,9,6,11,3,2,15,5,12,20,18,14
10,14,13,8,12,9,15,17,4,16,6,11,2,3,5,7,1
11,1,3,4,7,9,8,14,13,5,6,10,12,2
11,2,4,10,14,3,6,13,9,5,7,1,12,8
11,2,8,1,9,3,4,5,7,6,10
11,3,5,9,4,6,7,1,2,10,12,8,13
11,3,10,6,7,8,1,12,2,5,4,9
11,4,7,10,1,14,9,13,5,3,6,8,12,2,15
11,5,10,1,12,7,2,6,14,8,3,13,4,9
11,7,4,3,8,12,6,2,13,10,1,5,9
11,12,8,2,3,1,10,9,7,4,5,6
11,13,6,5,14,9,12,10,7,2,1,3,8,4
11,17,5,7,18,20,26,1,3,22,25,28,27,2,16,13,19,23,8,12,9,21,6,15,24,14,10,4
11,20,5,3,2,17,9,13,16,14,8,6,10,15,12,18,21,7,19,4,1
11,20,9,14,4,13,24,19,8,10,16,22,18,1,7,12,6,17,3,2,5,23,15,21
11,21,10,27,16,26,19,8,7,6,18,2,23,15,30,5,9,25,28,14,4,29,31,17,12,13,22,24,1,20,3
12,3,1,9,6,14,7,5,11,8,13,2,4,10
12,3,7,10,2,9,5,1,11,4,8,6
12,4,10,11,9,6,7,1,8,13,3,5,2
12,4,16,9,15,11,7,5,6,8,3,2,13,1,10,14
12,6,19,5,8,3,16,11,14,10,15,18,7,9,1,2,4,20,17,13
12,8,5,2,1,11,9,6,4,7,3,10
12,11,13,21,3,20,7,17,16,8,18,23,4,24,1,2,10,19,6,15,14,5,9,22
12,13,20,1,11,14,10,4,15,2,17,16,23,9,8,22,21,7,3,5,6,18,19,24
12,14,10,2,5,4,13,9,6,15,7,16,1,11,3,8,17
12,14,17,20,9,1,23,6,10,5,19,16,15,2,8,11,3,18,13,22,7,4,21
12,19,29,8,28,14,1,18,2,17,7,9,23,5,22,21,13,3,10,27,25,31,15,24,4,26,6,20,30,11,16
12,25,22,6,13,19,24,11,1,21,8,9,17,3,16,7,14,4,23,20,5,15,2,10,18
12,32,5,8,26,19,31,3,24,34,9,23,14,6,33,15,28,18,35,25,11,16,20,30,27,7,4,17,1,21,13,29,2,36,22,37,10
13,2,12,5,15,7,1,8,11,10,6,14,3,9,4
13,4,2,6,7,10,9,5,1,8,12,11,3
13,4,5,1,14,3,8,9,6,2,7,10,11,12
13,4,15,16,3,1,10,11,6,14,12,7,8,2,5,9
13,5,3,7,14,11,12,1,10,2,9,8,4,6
13,7,18,12,5,8,3,14,19,11,4,23,20,9,22,17,21,10,16,2,15,6,1
13,9,4,6,3,1,8,10,12,14,5,7,15,2,11
13,11,6,7,3,5,10,4,2,9,12,8,1
13,15,14,3,7,9,6,8,1,11,2,12,4,5,10
13,17,15,9,1,7,19,4,10,16,6,12,2,18,8,14,21,3,5,11,20
13,18,27,23,28,10,31,5,6,8,11,3,22,24,29,32,34,1,25,15,20,12,30,4,2,21,16,7,19,33,26,14,9,17
13,29,4,11,18,26,25,10,30,16,1,21,5,23,15,6,3,7,14,20,28,2,8,22,27,24,12,17,19,9
13,31,28,25,16,4,2,19,11,23,7,29,12,6,22,1,20,10,17,14,26,21,30,3,8,15,24,5,18,9,27
14,1,15,7,5,2,13,3,9,6,10,11,12,4,8
14,11,8,15,9,12,2,3,10,13,4,7,1,5,6
14,16,20,33,13,39,7,4,11,31,2,34,38,18,37,6,32,3,27,1,23,15,17,25,8,40,19,10,24,5,29,30,21,35,22,36,28,9,26,12
14,17,1,22,15,21,12,16,18,20,19,3,9,6,13,4,2,11,5,10,8,7
14,18,2,5,30,22,17,6,26,25,1,21,29,24,8,31,28,16,19,12,11,7,10,13,15,23,9,3,27,20,4
14,18,7,11,5,19,31,22,37,21,33,9,1,26,8,27,35,32,28,20,6,2,12,23,24,4,36,15,3,29,16,25,34,30,13,38,10,17
15,1,13,10,5,12,2,3,8,11,4,7,14,17,6,16,18,9
15,3,6,4,21,31,14,17,26,1,8,5,29,22,10,27,32,23,9,20,25,7,13,19,30,16,28,11,18,2,12,24
15,5,1,7,14,4,10,3,12,11,2,6,13,8,9
15,9,6,5,8,17,1,12,13,11,7,3,4,2,16,10,14
15,11,7,1,2,3,4,10,13,14,9,5,12,6,8,16
15,12,13,6,9,8,14,10,2,7,4,5,3,11,1
15,16,3,5,2,10,17,7,4,6,14,25,8,20,22,11,13,23,21,9,1,18,12,26,24,19
15,22,14,24,20,19,13,26,28,2,30,25,27,8,12,11,3,1,23,6,17,21,5,9,32,31,4,18,10,7,29,16
15,33,27,36,23,35,16,8,9,30,40,29,21,4,22,39,18,6,31,13,24,25,1,28,3,34,20,11,17,38,37,14,12,26,10,7,19,32,41,5,2
16,2,1,17,9,14,8,19,6,15,5,7,3,11,4,10,18,13,12
16,2,10,9,7,14,1,13,19,5,3,8,17,4,12,6,15,18,11
16,3,9,15,8,2,20,6,5,14,10,19,12,7,4,13,22,11,18,21,17,1
16,6,13,25,7,21,18,26,23,2,3,1,8,24,20,14,10,15,22,19,12,9,11,4,17,5
16,8,2,7,13,4,10,11,9,12,6,14,1,3,15,5
16,10,14,15,7,3,5,1,6,4,17,13,8,9,2,11,12
16,12,6,9,23,21,7,17,22,11,3,1,4,2,15,14,13,18,5,20,10,8,19
16,22,15,26,21,2,14,4,29,17,11,5,24,25,9,3,19,30,13,28,23,8,18,12,27,20,31,10,7,1,6,32
16,53,9,37,5,24,2,6,27,13,41,39,57,28,38,32,20,25,17,8,12,7,30,49,56,46,31,11,45,3,33,15,26,51,43,48,22,4,50,1,55,10,35,44,14,21,52,18,29,34,54,40,23,36,19,47,42
17,1,7,12,9,18,15,16,3,14,20,19,6,5,8,10,2,13,11,4
17,2,16,13,20,24,23,11,3,8,18,12,10,9,22,15,21,6,4,1,7,5,14,19
17,3,20,9,4,18,10,11,13,6,24,7,12,22,5,15,23,25,16,26,2,19,21,14,1,8
17,5,20,16,18,28,6,7,19,29,31,15,4,23,33,10,30,8,24,27,25,32,26,12,3,1,13,9,14,22,2,11,21
17,14,7,21,12,18,15,5,10,19,16,20,22,2,6,3,13,11,9,1,8,4
17,31,11,8,19,25,10,13,24,41,12,33,14,39,1,30,40,36,37,3,34,2,7,18,23,16,35,15,42,4,22,32,20,27,5,38,9,28,6,26,29,21
18,1,22,15,6,23,12,20,19,24,10,4,25,8,14,16,13,7,21,2,11,5,3,17,9
18,11,12,2,8,3,5,6,9,13,1,10,15,7,4,14,17,16
18,14,7,11,2,6,8,13,3,19,16,5,10,17,4,9,15,1,12
18,21,17,13,16,1,4,2,25,6,27,30,8,31,28,12,29,9,3,7,5,24,19,10,22,23,14,11,20,26,15
19,18,13,21,9,6,12,7,1,24,25,11,8,3,4,5,23,16,10,17,20,15,22,14,2
20,13,19,14,16,8,6,3,9,7,11,5,18,10,22,21,1,15,2,17,12,4
20,13,21,9,22,5,12,10,11,4,1,23,6,3,17,24,7,18,16,15,19,14,8,2
20,18,10,15,24,7,17,30,21,28,14,8,19,12,2,3,9,31,22,25,11,4,16,29,5,26,6,27,1,13,23
21,8,25,5,18,13,9,12,20,31,19,32,4,14,3,27,26,11,24,16,22,2,28,30,10,1,7,15,17,6,29,23
21,11,35,22,17,2,32,7,13,34,6,26,10,8,9,14,24,36,27,31,5,18,12,4,33,16,23,20,25,29,30,1,19,15,28,3
22,6,5,8,29,25,16,17,9,19,18,12,13,10,2,21,26,27,23,30,4,7,3,24,1,20,28,14,11,15
22,7,17,14,12,8,27,15,16,9,28,25,10,3,11,21,23,2,18,24,6,19,4,5,13,20,26,1
22,9,11,16,7,15,3,20,2,17,24,18,19,12,1,13,14,21,5,4,6,10,8,23
22,10,13,20,4,23,15,14,6,8,18,12,5,19,2,7,21,9,11,16,17,3,1
22,13,23,18,10,14,2,1,5,9,19,3,26,7,24,11,17,15,4,16,27,20,21,8,6,12,25
22,18,2,26,6,15,7,21,19,12,17,9,20,11,1,14,4,10,8,28,27,16,25,5,13,24,23,3
22,20,8,4,23,2,5,17,19,11,15,21,18,14,13,3,16,10,9,6,1,7,12
22,34,2,40,44,45,1,5,19,20,43,27,41,46,37,14,29,7,10,39,6,24,26,15,47,51,30,25,36,17,32,31,42,13,49,52,50,3,23,4,48,38,28,18,8,35,9,21,33,12,16,11
24,2,19,5,8,23,9,20,17,15,10,12,7,11,14,21,22,1,18,16,4,25,3,13,6
24,4,16,9,17,27,8,26,1,13,2,6,7,11,5,15,19,3,23,20,21,12,25,22,10,14,18
25,27,11,9,3,21,2,10,6,18,20,4,5,30,7,29,13,23,8,32,12,28,26,22,16,1,24,19,31,17,14,15
26,19,23,31,16,13,17,25,33,27,8,12,3,21,36,7,35,29,15,10,1,6,34,20,11,24,4,28,32,22,2,5,30,9,14,18
26,21,12,3,19,11,14,10,22,23,18,17,15,16,13,1,9,2,25,4,20,5,6,8,7,24
28,16,41,9,21,8,35,25,34,33,14,19,1,18,32,36,13,4,29,40,24,27,6,37,20,7,30,38,5,2,23,12,10,15,3,17,11,22,39,26,31
28,29,16,18,1,22,11,33,17,32,31,20,13,3,15,23,12,5,7,4,14,2,10,30,8,26,6,27,19,21,9,24,25
32,26,17,30,13,21,3,11,4,6,16,15,19,24,7,2,28,23,8,31,12,1,22,29,10,25,5,20,9,18,14,27
32,26,36,35,20,4,17,9,18,6,34,7,24,37,13,10,11,30,23,29,8,3,21,12,22,14,27,25,5,15,19,16,28,33,2,1,31
34,11,40,3,24,21,42,31,33,17,9,30,25,28,37,12,19,7,22,1,38,23,16,29,10,26,41,4,6,8,2,39,27,15,14,20,5,35,18,32,13,36
34,26,31,3,41,13,42,40,30,8,9,1,7,28,10,15,37,11,5,39,25,38,21,33,4,36,18,17,29,24,2,27,32,22,19,6,14,35,12,20,16,23,43
40,23,29,22,33,19,36,20,38,35,4,3,30,42,32,26,6,27,17,2,39,37,28,11,10,12,24,41,25,9,18,31,8,1,7,5,21,15,16,34,14,13
52,9,12,42,18,23,4,20,47,45,5,41,27,7,22,17,40,43,37,29,46,31,32,34,1,36,15,8,19,14,25,21,48,33,6,16,28,51,24,11,49,44,26,35,50,2,10,39,38,3,13,30
